0
0
0
0
0
0
0
0
0
0
0
0
0
0
0
5
81
325
374
344
347
494
388
238
73
0
0
0
0
0
0
0
0
0
0
0
0
0
0
15
166
331
459
535
550
502
398
247
78
0
0
0
0
0
0
0
0
0
0
0
0
0
0
5
121
257
457
535
551
387
290
197
51
0
0
0
0
0
0
0
0
0
0
0
0
0
0
6
168
323
371
499
559
478
385
252
54
0
0
0
0
0
0
0
0
0
0
0
0
0
0
0
111
290
466
545
566
384
353
262
62
0
0
0
0
0
0
0
0
0
0
0
0
0
0
0
171
340
474
550
567
520
415
263
89
0
0
0
0
0
0
0
0
0
0
0
0
0
0
0
170
339
471
551
569
524
419
214
67
0
0
0
0
0
0
0
0
0
0
0
0
0
0
0
170
341
474
555
573
526
420
266
66
0
0
0
0
0
0
0
0
0
0
0
0
0
0
4
101
223
454
532
551
502
401
146
87
0
0
0
0
0
0
0
0
0
0
0
0
0
0
15
172
344
478
555
574
525
420
270
97
0
0
0
0
0
0
0
0
0
0
0
0
0
0
14
168
338
473
558
581
534
426
273
98
0
0
0
0
0
0
0
0
0
0
0
0
0
0
15
171
340
473
543
574
529
426
275
62
0
0
0
0
0
0
0
0
0
0
0
0
0
0
14
169
340
476
558
579
535
432
281
106
0
0
0
0
0
0
0
0
0
0
0
0
0
0
16
175
350
486
566
588
544
441
288
110
0
0
0
0
0
0
0
0
0
0
0
0
0
0
15
171
344
480
564
564
413
409
274
78
0
0
0
0
0
0
0
0
0
0
0
0
0
0
16
175
349
487
571
593
550
446
293
114
0
0
0
0
0
0
0
0
0
0
0
0
0
0
7
179
300
470
531
442
391
453
171
123
0
0
0
0
0
0
0
0
0
0
0
0
0
0
18
178
351
486
570
481
513
351
298
122
0
0
0
0
0
0
0
0
0
0
0
0
0
0
18
178
352
484
569
562
488
399
217
65
0
0
0
0
0
0
0
0
0
0
0
0
0
0
9
107
220
322
104
86
317
228
5
34
0
0
0
0
0
0
0
0
0
0
0
0
0
0
5
168
337
469
535
423
535
362
167
72
0
0
0
0
0
0
0
0
0
0
0
0
0
0
18
173
342
481
432
545
543
445
162
125
0
0
0
0
0
0
0
0
0
0
0
0
0
0
20
180
357
490
578
603
561
461
312
134
0
0
0
0
0
0
0
0
0
0
0
0
0
0
10
160
360
499
586
611
572
435
169
139
0
0
0
0
0
0
0
0
0
0
0
0
0
0
22
187
364
504
588
587
548
312
150
112
0
0
0
0
0
0
0
0
0
0
0
0
0
0
23
171
287
400
437
419
568
470
323
93
0
0
0
0
0
0
0
0
0
0
0
0
0
0
26
196
374
513
601
626
555
466
330
137
0
0
0
0
0
0
0
0
0
0
0
0
0
0
27
195
372
508
570
450
415
323
330
97
0
0
0
0
0
0
0
0
0
0
0
0
0
0
14
86
381
521
592
472
596
501
104
165
0
0
0
0
0
0
0
0
0
0
0
0
0
0
31
138
381
516
606
636
598
500
348
165
0
0
0
0
0
0
0
0
0
0
0
0
0
0
18
216
400
545
632
654
613
507
353
167
0
0
0
0
0
0
0
0
0
0
0
0
0
0
34
213
396
539
631
659
614
516
362
175
0
0
0
0
0
0
0
0
0
0
0
0
0
0
35
215
398
542
633
657
617
512
357
154
6
0
0
0
0
0
0
0
0
0
0
0
0
0
43
236
427
578
671
699
659
553
393
198
18
0
0
0
0
0
0
0
0
0
0
0
0
0
45
239
430
579
675
704
663
558
398
202
20
0
0
0
0
0
0
0
0
0
0
0
0
0
22
202
371
549
528
667
626
394
249
146
9
0
0
0
0
0
0
0
0
0
0
0
0
0
45
227
411
552
646
674
637
509
385
198
22
0
0
0
0
0
0
0
0
0
0
0
0
0
49
241
430
576
669
697
647
544
387
195
22
0
0
0
0
0
0
0
0
0
0
0
0
0
31
238
423
565
658
688
649
541
385
195
23
0
0
0
0
0
0
0
0
0
0
0
0
0
44
222
282
550
644
336
448
195
219
120
12
0
0
0
0
0
0
0
0
0
0
0
0
0
53
245
433
582
675
704
666
567
410
216
31
0
0
0
0
0
0
0
0
0
0
0
0
0
63
264
457
608
704
733
689
577
417
221
33
0
0
0
0
0
0
0
0
0
0
0
0
0
45
256
446
596
690
718
669
570
411
217
33
0
0
0
0
0
0
0
0
0
0
0
0
0
64
259
450
593
687
715
678
574
416
222
36
0
0
0
0
0
0
0
0
0
0
0
0
0
49
263
455
605
699
727
684
580
422
227
38
0
0
0
0
0
0
0
0
0
0
0
0
0
47
262
451
587
569
682
596
493
417
225
39
0
0
0
0
0
0
0
0
0
0
0
0
0
45
259
445
562
549
703
488
563
410
222
40
0
0
0
0
0
0
0
0
0
0
0
0
0
71
265
453
595
688
718
675
578
426
196
45
0
0
0
0
0
0
0
0
0
0
0
0
0
54
238
364
508
722
750
704
598
438
240
29
0
0
0
0
0
0
0
0
0
0
0
0
0
81
283
475
631
726
754
709
600
443
245
50
0
0
0
0
0
0
0
0
0
0
0
0
0
89
296
490
633
730
760
720
616
455
254
56
0
0
0
0
0
0
0
0
0
0
0
0
0
91
295
485
634
727
750
706
602
416
199
55
0
0
0
0
0
0
0
0
0
0
0
0
0
54
10
80
15
17
402
602
568
189
129
27
0
0
0
0
0
0
0
0
0
0
0
0
0
90
295
492
651
746
774
730
623
461
261
61
0
0
0
0
0
0
0
0
0
0
0
0
0
108
320
517
666
761
789
744
638
475
271
67
0
0
0
0
0
0
0
0
0
0
0
0
0
112
323
520
665
760
789
743
637
475
274
69
0
0
0
0
0
0
0
0
0
0
0
0
0
115
326
522
669
764
788
741
635
473
276
71
0
0
0
0
0
0
0
0
0
0
0
0
0
118
330
527
672
769
792
744
638
476
173
54
0
0
0
0
0
0
0
0
0
0
0
0
0
81
266
435
480
637
597
576
465
358
200
46
0
0
0
0
0
0
0
0
0
0
0
0
0
73
282
298
414
415
660
445
615
473
276
75
0
0
0
0
0
0
0
0
0
0
0
0
0
125
334
528
338
768
789
741
630
245
267
72
0
0
0
0
0
0
0
0
0
0
0
0
0
22
177
534
673
769
798
759
654
491
291
85
0
0
0
0
0
0
0
0
0
0
0
0
0
142
354
549
693
786
808
762
655
492
291
85
0
0
0
0
0
0
0
0
0
0
0
0
0
142
356
551
697
790
816
770
662
498
296
88
0
0
0
0
0
0
0
0
0
0
0
0
0
110
357
551
697
789
815
723
641
472
165
67
0
0
0
0
0
0
0
0
0
0
0
0
0
114
356
549
697
786
755
757
647
486
127
87
0
0
0
0
0
0
0
0
0
0
0
0
0
91
339
359
687
777
745
669
524
494
248
59
0
0
0
0
0
0
0
0
0
0
0
0
0
163
381
576
730
822
847
800
690
528
322
106
0
0
0
0
0
0
0
0
0
0
0
0
0
94
381
576
716
682
664
707
511
418
144
45
0
0
0
0
0
0
0
0
0
0
0
0
0
30
237
286
310
126
92
58
153
158
228
31
0
0
0
0
0
0
0
0
0
0
0
0
0
167
102
254
202
339
835
789
682
519
318
108
0
0
0
0
0
0
0
0
0
0
0
0
0
173
384
573
712
569
469
162
264
111
17
7
0
0
0
0
0
0
0
0
0
0
0
0
0
52
138
200
538
628
399
595
225
135
223
48
0
0
0
0
0
0
0
0
0
0
0
0
14
190
404
597
732
823
845
429
296
524
12
87
0
0
0
0
0
0
0
0
0
0
0
0
16
195
410
603
752
840
863
811
703
539
335
121
0
0
0
0
0
0
0
0
0
0
0
0
17
193
406
522
579
616
522
460
439
536
334
122
0
0
0
0
0
0
0
0
0
0
0
0
21
90
428
623
774
599
889
842
708
501
68
83
0
0
0
0
0
0
0
0
0
0
0
0
12
110
297
450
468
541
552
474
575
202
19
48
0
0
0
0
0
0
0
0
0
0
0
0
26
189
434
502
407
507
717
651
550
399
44
43
0
0
0
0
0
0
0
0
0
0
0
0
28
73
299
232
239
863
885
834
447
245
202
69
0
0
0
0
0
0
0
0
0
0
0
0
31
195
439
632
769
857
877
830
716
549
169
90
0
0
0
0
0
0
0
0
0
0
0
0
21
225
407
553
748
681
734
549
389
117
87
80
0
0
0
0
0
0
0
0
0
0
0
0
11
8
296
579
782
381
888
838
726
560
356
141
0
0
0
0
0
0
0
0
0
0
0
0
43
243
459
651
796
882
904
848
739
574
367
148
0
0
0
0
0
0
0
0
0
0
0
0
33
179
458
547
721
870
891
862
524
583
373
152
0
0
0
0
0
0
0
0
0
0
0
0
55
267
488
683
827
913
927
873
543
312
184
76
0
0
0
0
0
0
0
0
0
0
0
0
35
168
478
672
813
906
925
879
764
593
386
161
0
0
0
0
0
0
0
0
0
0
0
0
57
263
483
676
820
862
782
794
616
574
251
91
0
0
0
0
0
0
0
0
0
0
0
0
35
191
405
297
630
872
101
611
730
84
94
147
0
0
0
0
0
0
0
0
0
0
0
0
65
272
491
683
816
896
914
872
757
587
381
162
0
0
0
0
0
0
0
0
0
0
0
0
69
278
497
688
773
873
885
836
729
584
378
125
0
0
0
0
0
0
0
0
0
0
0
0
72
279
496
687
817
902
919
873
760
593
386
167
0
0
0
0
0
0
0
0
0
0
0
0
78
289
508
699
842
925
948
880
768
596
387
168
0
0
0
0
0
0
0
0
0
0
0
0
81
296
519
707
819
901
913
871
686
535
280
154
0
0
0
0
0
0
0
0
0
0
0
0
78
287
507
699
840
922
938
882
766
596
388
171
0
0
0
0
0
0
0
0
0
0
0
0
85
201
416
686
817
893
912
864
752
589
387
170
0
0
0
0
0
0
0
0
0
0
0
0
57
127
231
353
480
515
426
482
437
445
250
65
0
0
0
0
0
0
0
0
0
0
0
0
62
304
504
705
836
764
145
151
436
592
389
176
11
0
0
0
0
0
0
0
0
0
0
0
78
248
535
717
849
922
712
168
439
384
139
74
7
0
0
0
0
0
0
0
0
0
0
0
38
261
307
290
859
575
411
892
235
610
251
138
8
0
0
0
0
0
0
0
0
0
0
0
49
149
381
505
582
292
593
442
482
229
255
189
8
0
0
0
0
0
0
0
0
0
0
0
112
325
540
726
864
943
956
894
777
606
401
184
15
0
0
0
0
0
0
0
0
0
0
0
77
308
467
571
830
737
221
33
26
179
8
77
11
0
0
0
0
0
0
0
0
0
0
0
128
351
575
765
895
972
988
899
700
627
414
195
19
0
0
0
0
0
0
0
0
0
0
0
140
368
593
784
922
1003
1007
950
831
657
441
215
24
0
0
0
0
0
0
0
0
0
0
0
141
362
580
766
894
973
986
929
810
643
434
210
23
0
0
0
0
0
0
0
0
0
0
0
131
345
234
698
833
955
968
911
794
626
421
202
23
0
0
0
0
0
0
0
0
0
0
0
115
352
566
750
876
951
962
727
612
447
11
111
18
0
0
0
0
0
0
0
0
0
0
0
86
341
551
732
827
825
219
242
788
461
421
204
18
0
0
0
0
0
0
0
0
0
0
0
143
357
569
752
847
806
944
903
792
628
426
209
28
0
0
0
0
0
0
0
0
0
0
0
143
356
567
748
882
958
934
767
331
111
146
147
17
0
0
0
0
0
0
0
0
0
0
0
61
314
551
728
866
944
959
906
791
627
399
125
30
0
0
0
0
0
0
0
0
0
0
0
157
376
589
767
887
963
969
917
800
630
428
212
31
0
0
0
0
0
0
0
0
0
0
0
161
376
587
768
896
971
943
924
793
616
403
219
35
0
0
0
0
0
0
0
0
0
0
0
165
383
597
776
897
971
978
935
819
650
445
227
38
0
0
0
0
0
0
0
0
0
0
0
167
383
592
773
907
977
986
923
596
642
442
172
28
0
0
0
0
0
0
0
0
0
0
0
115
286
472
593
737
745
828
834
662
530
296
167
31
0
0
0
0
0
0
0
0
0
0
12
182
405
620
803
934
1004
1011
940
788
560
439
224
33
0
0
0
0
0
0
0
0
0
0
12
173
387
593
769
881
955
964
913
801
639
440
227
42
0
0
0
0
0
0
0
0
0
0
14
181
396
605
780
898
940
945
921
598
520
443
155
32
0
0
0
0
0
0
0
0
0
0
10
132
308
456
421
641
938
995
936
817
649
447
233
46
0
0
0
0
0
0
0
0
0
0
20
198
416
627
803
925
994
1002
947
830
663
462
246
52
0
0
0
0
0
0
0
0
0
0
21
197
418
629
809
941
1009
1017
953
836
670
467
248
53
0
0
0
0
0
0
0
0
0
0
22
197
415
624
765
889
994
957
950
832
668
467
249
54
0
0
0
0
0
0
0
0
0
0
23
198
418
628
807
938
1010
1019
961
844
679
474
254
57
0
0
0
0
0
0
0
0
0
0
26
208
431
643
823
940
1013
1023
965
848
679
473
253
57
0
0
0
0
0
0
0
0
0
0
28
212
434
645
819
906
983
1024
973
823
529
284
189
41
0
0
0
0
0
0
0
0
0
0
28
208
427
638
817
938
1010
1017
962
843
673
377
249
46
0
0
0
0
0
0
0
0
0
0
29
208
425
635
813
936
1009
1018
959
843
676
474
258
63
0
0
0
0
0
0
0
0
0
0
29
203
414
618
793
929
1000
1007
952
836
677
480
264
66
0
0
0
0
0
0
0
0
0
0
32
207
420
596
796
888
872
963
916
417
651
458
249
38
0
0
0
0
0
0
0
0
0
0
36
221
440
649
826
960
981
1036
973
857
694
490
272
71
0
0
0
0
0
0
0
0
0
0
38
221
437
640
815
932
1005
1014
952
630
568
471
258
49
0
0
0
0
0
0
0
0
0
0
37
218
430
609
702
935
1006
1014
949
835
674
475
262
71
0
0
0
0
0
0
0
0
0
0
40
222
371
639
786
842
1001
1009
958
843
681
481
267
73
0
0
0
0
0
0
0
0
0
0
28
220
432
634
806
929
999
1006
948
834
673
476
264
73
0
0
0
0
0
0
0
0
0
0
39
215
423
624
794
913
983
989
568
648
233
211
241
52
0
0
0
0
0
0
0
0
0
0
45
226
435
631
799
898
940
754
859
632
345
216
188
53
0
0
0
0
0
0
0
0
0
0
48
233
448
652
827
960
1030
1041
975
857
689
488
274
79
0
0
0
0
0
0
0
0
0
0
51
243
463
671
851
973
1044
1053
993
872
706
80
242
74
0
0
0
0
0
0
0
0
0
0
50
237
451
655
827
951
1023
1033
962
852
688
490
278
82
0
0
0
0
0
0
0
0
0
0
48
233
451
658
833
952
1024
1032
987
870
706
507
291
90
0
0
0
0
0
0
0
0
0
0
52
239
453
657
829
874
974
1033
829
649
510
10
203
89
0
0
0
0
0
0
0
0
0
0
52
240
454
662
840
961
1038
1046
993
881
663
518
302
97
0
0
0
0
0
0
0
0
0
0
56
245
460
664
838
945
1014
1021
970
857
599
500
288
92
0
0
0
0
0
0
0
0
0
0
59
248
462
664
836
962
1032
1041
971
859
698
503
291
95
0
0
0
0
0
0
0
0
0
0
56
243
455
657
828
936
1005
1013
973
863
702
506
295
97
0
0
0
0
0
0
0
0
0
0
55
237
446
648
818
950
1018
1029
960
848
690
496
286
94
0
0
0
0
0
0
0
0
0
0
54
234
441
640
809
908
978
987
957
849
690
500
185
70
0
0
0
0
0
0
0
0
0
0
61
250
465
669
843
966
1030
1036
971
862
703
509
153
64
0
0
0
0
0
0
0
0
0
0
55
235
444
644
816
940
1008
1019
803
342
301
504
209
54
0
0
0
0
0
0
0
0
0
0
63
250
459
657
824
942
1008
636
956
357
496
346
214
76
0
0
0
0
0
0
0
0
0
0
65
254
466
664
834
949
1019
770
943
723
473
270
303
73
0
0
0
0
0
0
0
0
0
0
42
79
419
531
573
719
656
706
599
822
564
487
231
59
0
0
0
0
0
0
0
0
0
0
41
235
439
508
720
852
1006
1017
959
851
697
246
305
83
0
0
0
0
0
0
0
0
0
0
62
246
454
654
824
936
1005
1014
964
857
703
517
311
114
0
0
0
0
0
0
0
0
0
0
42
178
445
645
820
955
1028
925
160
797
484
508
304
108
0
0
0
0
0
0
0
0
0
0
64
249
454
644
804
920
989
1001
963
855
701
515
310
113
0
0
0
0
0
0
0
0
0
0
69
263
482
688
861
989
1062
1073
1020
910
748
548
326
119
0
0
0
0
0
0
0
0
0
0
73
272
490
696
871
999
1072
1082
1022
912
746
550
335
128
0
0
0
0
0
0
0
0
0
0
72
264
477
679
850
967
1039
1049
996
891
733
539
328
125
0
0
0
0
0
0
0
0
0
0
70
261
473
674
844
974
1045
1056
992
887
729
535
324
124
0
0
0
0
0
0
0
0
0
0
67
258
473
677
850
961
1036
1050
1016
907
748
556
342
134
0
0
0
0
0
0
0
0
0
0
69
261
475
675
847
974
1046
1058
998
895
735
464
247
129
0
0
0
0
0
0
0
0
0
0
49
223
242
547
761
766
857
1050
1001
890
733
541
329
127
0
0
0
0
0
0
0
0
0
0
66
252
462
663
834
961
1033
1044
985
881
724
532
322
123
0
0
0
0
0
0
0
0
0
0
63
249
459
660
830
955
1027
1038
992
883
724
352
201
80
0
0
0
0
0
0
0
0
0
0
66
253
463
662
832
953
1025
1037
983
878
725
535
328
128
0
0
0
0
0
0
0
0
0
0
64
248
454
652
821
941
1013
1025
976
871
719
532
326
128
0
0
0
0
0
0
0
0
0
0
66
252
462
659
830
944
1017
1030
999
892
736
544
336
133
0
0
0
0
0
0
0
0
0
0
64
249
459
659
830
965
1041
1053
992
886
733
542
332
132
0
0
0
0
0
0
0
0
0
0
61
242
448
646
816
930
1002
1011
986
881
727
539
333
133
0
0
0
0
0
0
0
0
0
0
63
247
454
654
823
951
1026
1039
983
881
730
540
332
133
0
0
0
0
0
0
0
0
0
0
60
239
445
643
812
941
1013
1026
980
876
725
537
331
133
0
0
0
0
0
0
0
0
0
0
62
245
452
650
819
945
1018
1031
980
881
730
544
336
135
0
0
0
0
0
0
0
0
0
0
60
241
449
649
823
902
977
788
872
831
573
343
254
79
0
0
0
0
0
0
0
0
0
0
58
234
437
634
802
914
933
728
736
671
693
531
225
132
0
0
0
0
0
0
0
0
0
0
46
217
347
423
812
887
845
1026
984
880
728
541
336
136
0
0
0
0
0
0
0
0
0
0
57
236
426
636
805
920
946
1010
972
871
722
537
333
135
0
0
0
0
0
0
0
0
0
0
40
232
440
641
812
944
1018
1032
792
643
401
531
123
105
0
0
0
0
0
0
0
0
0
0
55
232
434
631
801
924
1002
1022
988
891
744
556
347
141
0
0
0
0
0
0
0
0
0
0
59
247
457
659
832
960
1035
1049
1001
896
742
553
343
138
0
0
0
0
0
0
0
0
0
0
55
237
445
645
814
940
1010
1024
984
879
727
539
333
134
0
0
0
0
0
0
0
0
0
0
55
237
444
642
813
937
1015
1031
983
880
731
543
337
135
0
0
0
0
0
0
0
0
0
0
54
235
441
640
808
932
1007
1026
986
887
739
553
346
142
0
0
0
0
0
0
0
0
0
0
56
240
450
649
819
942
1015
1027
982
882
731
545
339
138
0
0
0
0
0
0
0
0
0
0
53
236
446
648
821
953
1029
1048
1001
900
750
561
350
144
0
0
0
0
0
0
0
0
0
0
54
242
455
659
834
963
1040
1056
1010
905
751
559
347
141
0
0
0
0
0
0
0
0
0
0
55
245
463
670
847
978
1055
1071
1018
912
761
567
353
143
0
0
0
0
0
0
0
0
0
0
55
246
463
674
852
985
1063
1079
1031
926
770
580
363
150
0
0
0
0
0
0
0
0
0
0
54
246
464
671
850
770
974
1083
1033
928
771
576
360
147
0
0
0
0
0
0
0
0
0
0
49
232
440
637
807
931
1007
1023
975
872
719
529
322
124
0
0
0
0
0
0
0
0
0
0
41
172
415
611
613
685
814
995
860
856
707
523
320
125
0
0
0
0
0
0
0
0
0
0
40
211
298
612
782
914
992
1009
961
863
715
532
330
131
0
0
0
0
0
0
0
0
0
0
41
214
418
617
789
908
986
1006
967
867
720
533
328
129
0
0
0
0
0
0
0
0
0
0
42
218
427
628
801
935
1012
1029
974
875
723
537
330
100
0
0
0
0
0
0
0
0
0
0
38
213
420
621
794
916
992
1008
971
869
721
535
329
128
0
0
0
0
0
0
0
0
0
0
37
211
420
624
799
933
1011
1028
980
878
726
537
329
127
0
0
0
0
0
0
0
0
0
0
36
209
416
617
792
921
999
1016
972
872
720
530
322
122
0
0
0
0
0
0
0
0
0
0
36
213
425
628
803
935
1013
1031
987
885
734
543
334
128
0
0
0
0
0
0
0
0
0
0
33
202
311
562
775
662
653
141
904
859
710
525
321
121
0
0
0
0
0
0
0
0
0
0
13
149
127
366
364
892
964
976
939
839
691
119
222
64
0
0
0
0
0
0
0
0
0
0
27
192
395
594
769
910
987
1007
959
856
48
22
199
84
0
0
0
0
0
0
0
0
0
0
28
192
396
596
772
899
978
993
972
871
721
531
320
82
0
0
0
0
0
0
0
0
0
0
27
198
408
613
790
922
1003
1024
981
883
732
538
326
119
0
0
0
0
0
0
0
0
0
0
27
199
407
607
776
893
961
972
953
854
705
520
313
113
0
0
0
0
0
0
0
0
0
0
26
198
408
612
791
922
1001
1022
977
873
721
530
317
113
0
0
0
0
0
0
0
0
0
0
15
189
395
596
770
902
915
573
197
851
477
506
303
106
0
0
0
0
0
0
0
0
0
0
14
132
291
593
767
890
966
984
944
515
652
513
306
107
0
0
0
0
0
0
0
0
0
0
21
189
402
611
789
928
1011
1029
986
884
727
535
319
112
0
0
0
0
0
0
0
0
0
0
22
195
411
621
802
935
1016
1034
994
888
731
538
320
110
0
0
0
0
0
0
0
0
0
0
20
188
399
603
781
913
992
1010
961
858
706
516
306
104
0
0
0
0
0
0
0
0
0
0
19
185
393
595
771
867
976
994
950
849
698
509
302
101
0
0
0
0
0
0
0
0
0
0
18
189
403
587
791
929
1008
1028
983
879
723
528
310
103
0
0
0
0
0
0
0
0
0
0
18
194
414
627
811
943
1022
1033
986
878
719
523
306
99
0
0
0
0
0
0
0
0
0
0
10
161
365
566
740
862
939
955
924
819
667
475
268
78
0
0
0
0
0
0
0
0
0
0
12
174
389
585
779
915
945
1017
968
861
703
507
290
88
0
0
0
0
0
0
0
0
0
0
9
163
374
580
761
888
969
988
960
857
700
504
289
86
0
0
0
0
0
0
0
0
0
0
10
169
383
593
775
918
1002
1019
966
858
699
501
285
81
0
0
0
0
0
0
0
0
0
0
0
161
373
583
765
885
946
987
973
865
706
508
290
84
0
0
0
0
0
0
0
0
0
0
0
151
358
566
751
911
992
1009
948
841
683
486
272
74
0
0
0
0
0
0
0
0
0
0
0
164
378
591
774
909
990
1008
965
861
700
501
283
79
0
0
0
0
0
0
0
0
0
0
0
165
380
590
774
911
995
1012
965
857
695
496
278
74
0
0
0
0
0
0
0
0
0
0
0
121
372
579
759
887
973
994
950
849
693
497
281
75
0
0
0
0
0
0
0
0
0
0
0
168
385
598
785
914
991
1005
956
848
684
486
270
69
0
0
0
0
0
0
0
0
0
0
0
148
246
551
593
725
566
699
832
779
643
445
252
61
0
0
0
0
0
0
0
0
0
0
0
140
334
544
515
685
912
925
903
795
640
449
242
55
0
0
0
0
0
0
0
0
0
0
0
139
345
552
731
870
948
964
906
799
642
447
67
35
0
0
0
0
0
0
0
0
0
0
0
97
351
557
736
864
942
917
884
761
620
335
245
53
0
0
0
0
0
0
0
0
0
0
0
102
325
540
713
845
922
939
894
792
636
444
234
46
0
0
0
0
0
0
0
0
0
0
0
116
310
505
679
808
882
897
850
747
594
93
13
27
0
0
0
0
0
0
0
0
0
0
0
107
295
490
662
811
888
903
854
750
51
11
11
27
0
0
0
0
0
0
0
0
0
0
0
115
312
512
687
805
881
892
845
737
578
389
190
25
0
0
0
0
0
0
0
0
0
0
0
108
300
494
668
785
863
878
830
723
572
385
187
24
0
0
0
0
0
0
0
0
0
0
0
92
280
477
649
658
870
875
838
299
382
102
145
22
0
0
0
0
0
0
0
0
0
0
0
92
288
482
655
786
861
875
102
35
16
280
193
27
0
0
0
0
0
0
0
0
0
0
0
120
322
526
701
837
911
922
871
758
14
406
199
26
0
0
0
0
0
0
0
0
0
0
0
113
313
517
692
823
898
911
863
757
598
404
196
24
0
0
0
0
0
0
0
0
0
0
0
110
310
516
697
828
905
919
869
758
598
402
193
21
0
0
0
0
0
0
0
0
0
0
0
115
277
518
696
823
904
920
873
762
601
405
194
21
0
0
0
0
0
0
0
0
0
0
0
116
322
506
706
833
882
303
866
752
589
391
183
17
0
0
0
0
0
0
0
0
0
0
0
110
313
519
698
837
913
927
875
764
602
405
191
17
0
0
0
0
0
0
0
0
0
0
0
116
326
536
718
846
925
937
886
773
612
407
190
15
0
0
0
0
0
0
0
0
0
0
0
108
316
527
711
859
932
943
888
771
602
397
180
11
0
0
0
0
0
0
0
0
0
0
0
97
296
501
683
811
895
916
870
757
594
394
178
0
0
0
0
0
0
0
0
0
0
0
0
111
321
532
713
848
924
938
879
765
597
394
177
0
0
0
0
0
0
0
0
0
0
0
0
107
318
529
711
838
915
926
872
759
592
390
173
0
0
0
0
0
0
0
0
0
0
0
0
109
324
537
720
849
925
936
877
763
594
388
171
0
0
0
0
0
0
0
0
0
0
0
0
100
305
513
652
784
887
898
847
731
563
363
129
0
0
0
0
0
0
0
0
0
0
0
0
95
298
506
689
817
893
905
855
736
565
362
149
0
0
0
0
0
0
0
0
0
0
0
0
87
283
483
656
773
845
700
672
644
477
284
100
0
0
0
0
0
0
0
0
0
0
0
0
101
323
542
728
853
929
932
874
751
576
366
148
0
0
0
0
0
0
0
0
0
0
0
0
71
264
466
643
830
907
912
847
730
562
355
140
0
0
0
0
0
0
0
0
0
0
0
0
87
293
503
684
811
887
896
837
716
544
339
128
0
0
0
0
0
0
0
0
0
0
0
0
84
289
331
680
805
881
893
829
713
542
339
128
0
0
0
0
0
0
0
0
0
0
0
0
89
300
513
697
825
900
909
851
733
559
350
132
0
0
0
0
0
0
0
0
0
0
0
0
89
301
515
699
824
899
907
847
728
554
344
127
0
0
0
0
0
0
0
0
0
0
0
0
64
249
445
615
758
832
840
777
658
492
294
98
0
0
0
0
0
0
0
0
0
0
0
0
62
252
452
627
745
817
823
757
642
479
285
90
0
0
0
0
0
0
0
0
0
0
0
0
62
253
456
636
773
847
856
784
664
497
295
94
0
0
0
0
0
0
0
0
0
0
0
0
61
253
457
634
757
828
832
792
671
500
297
94
0
0
0
0
0
0
0
0
0
0
0
0
45
144
318
472
750
824
833
760
640
296
191
62
0
0
0
0
0
0
0
0
0
0
0
0
58
246
450
628
749
818
825
793
670
497
294
89
0
0
0
0
0
0
0
0
0
0
0
0
57
249
454
629
765
835
840
775
653
483
280
81
0
0
0
0
0
0
0
0
0
0
0
0
53
239
437
611
753
823
826
392
637
80
233
74
0
0
0
0
0
0
0
0
0
0
0
0
49
236
440
618
751
821
826
761
637
467
265
70
0
0
0
0
0
0
0
0
0
0
0
0
53
244
449
625
766
835
839
771
648
475
272
72
0
0
0
0
0
0
0
0
0
0
0
0
57
252
458
636
752
822
825
775
653
478
274
72
0
0
0
0
0
0
0
0
0
0
0
0
55
251
457
635
765
834
840
771
648
474
267
66
0
0
0
0
0
0
0
0
0
0
0
0
55
254
463
642
752
821
822
771
642
462
252
51
0
0
0
0
0
0
0
0
0
0
0
0
46
235
438
615
734
804
812
747
627
458
258
61
0
0
0
0
0
0
0
0
0
0
0
0
55
256
465
643
769
840
842
775
647
470
261
59
0
0
0
0
0
0
0
0
0
0
0
0
52
251
460
640
760
828
829
768
639
463
253
53
0
0
0
0
0
0
0
0
0
0
0
0
48
246
455
639
772
840
840
766
637
459
251
50
0
0
0
0
0
0
0
0
0
0
0
0
50
255
468
648
776
845
846
781
650
473
258
50
0
0
0
0
0
0
0
0
0
0
0
0
49
253
466
647
776
843
843
769
638
456
243
43
0
0
0
0
0
0
0
0
0
0
0
0
45
245
455
634
742
809
808
760
629
448
236
38
0
0
0
0
0
0
0
0
0
0
0
0
39
233
442
621
746
813
812
746
615
434
224
33
0
0
0
0
0
0
0
0
0
0
0
0
38
233
442
488
731
814
812
746
615
434
223
31
0
0
0
0
0
0
0
0
0
0
0
0
36
230
438
617
740
811
809
740
609
429
219
29
0
0
0
0
0
0
0
0
0
0
0
0
32
216
417
590
707
771
766
702
572
396
195
20
0
0
0
0
0
0
0
0
0
0
0
0
17
213
413
585
700
762
609
702
572
329
145
22
0
0
0
0
0
0
0
0
0
0
0
0
18
149
408
579
661
774
414
695
572
396
192
18
0
0
0
0
0
0
0
0
0
0
0
0
24
197
394
567
678
742
743
683
555
381
184
15
0
0
0
0
0
0
0
0
0
0
0
0
25
201
398
569
695
760
761
691
563
389
187
15
0
0
0
0
0
0
0
0
0
0
0
0
27
212
415
588
706
769
766
703
575
396
191
14
0
0
0
0
0
0
0
0
0
0
0
0
24
211
415
590
712
775
775
701
570
390
183
0
0
0
0
0
0
0
0
0
0
0
0
0
21
199
401
576
690
757
756
686
556
379
176
0
0
0
0
0
0
0
0
0
0
0
0
0
21
200
400
571
692
752
748
682
555
377
174
0
0
0
0
0
0
0
0
0
0
0
0
0
21
205
409
582
706
768
763
694
561
380
172
0
0
0
0
0
0
0
0
0
0
0
0
0
13
181
381
556
672
736
738
686
554
373
166
0
0
0
0
0
0
0
0
0
0
0
0
0
14
185
387
559
678
740
735
659
528
351
152
0
0
0
0
0
0
0
0
0
0
0
0
0
11
175
371
543
655
715
711
664
536
358
155
0
0
0
0
0
0
0
0
0
0
0
0
0
10
173
370
541
658
718
716
645
512
335
137
0
0
0
0
0
0
0
0
0
0
0
0
0
0
168
365
536
640
700
693
636
503
326
131
0
0
0
0
0
0
0
0
0
0
0
0
0
0
166
362
529
655
715
705
632
502
329
133
0
0
0
0
0
0
0
0
0
0
0
0
0
0
161
354
523
643
705
699
633
469
190
117
0
0
0
0
0
0
0
0
0
0
0
0
0
0
78
191
349
492
610
683
622
493
322
129
0
0
0
0
0
0
0
0
0
0
0
0
0
0
158
349
515
637
695
689
619
488
311
118
0
0
0
0
0
0
0
0
0
0
0
0
0
0
172
376
550
683
745
739
664
527
342
132
0
0
0
0
0
0
0
0
0
0
0
0
0
0
165
361
531
650
707
700
626
495
317
121
0
0
0
0
0
0
0
0
0
0
0
0
0
0
161
358
528
650
711
704
632
500
322
123
0
0
0
0
0
0
0
0
0
0
0
0
0
0
158
354
523
642
702
695
622
491
315
119
0
0
0
0
0
0
0
0
0
0
0
0
0
0
151
344
512
633
692
685
612
482
308
112
0
0
0
0
0
0
0
0
0
0
0
0
0
0
151
347
516
634
694
688
616
485
308
111
0
0
0
0
0
0
0
0
0
0
0
0
0
0
140
330
495
614
672
665
568
464
290
60
0
0
0
0
0
0
0
0
0
0
0
0
0
0
121
301
422
546
419
224
267
18
226
67
0
0
0
0
0
0
0
0
0
0
0
0
0
0
129
317
481
602
660
653
583
457
285
96
0
0
0
0
0
0
0
0
0
0
0
0
0
0
130
319
484
597
656
653
583
455
284
94
0
0
0
0
0
0
0
0
0
0
0
0
0
0
130
318
483
600
659
653
460
454
195
54
0
0
0
0
0
0
0
0
0
0
0
0
0
0
70
205
68
539
437
238
250
110
232
46
0
0
0
0
0
0
0
0
0
0
0
0
0
0
74
260
483
598
465
224
59
165
199
62
0
0
0
0
0
0
0
0
0
0
0
0
0
0
57
201
177
439
468
414
146
217
262
78
0
0
0
0
0
0
0
0
0
0
0
0
0
0
110
299
466
587
647
640
570
441
268
81
0
0
0
0
0
0
0
0
0
0
0
0
0
0
113
300
466
584
643
641
570
441
268
81
0
0
0
0
0
0
0
0
0
0
0
0
0
0
109
296
464
582
641
635
565
436
263
76
0
0
0
0
0
0
0
0
0
0
0
0
0
0
60
287
453
572
630
625
555
426
257
73
0
0
0
0
0
0
0
0
0
0
0
0
0
0
103
289
453
567
626
617
548
419
249
68
0
0
0
0
0
0
0
0
0
0
0
0
0
0
101
286
449
568
627
618
549
420
251
70
0
0
0
0
0
0
0
0
0
0
0
0
0
0
98
280
443
560
619
613
542
417
250
69
0
0
0
0
0
0
0
0
0
0
0
0
0
0
96
280
444
562
622
617
548
421
252
69
0
0
0
0
0
0
0
0
0
0
0
0
0
0
90
269
270
544
600
595
528
405
240
41
0
0
0
0
0
0
0
0
0
0
0
0
0
0
64
264
427
542
600
595
529
403
236
60
0
0
0
0
0
0
0
0
0
0
0
0
0
0
83
261
420
535
593
588
520
396
232
58
0
0
0
0
0
0
0
0
0
0
0
0
0
0
42
247
405
519
481
432
375
260
103
31
0
0
0
0
0
0
0
0
0
0
0
0
0
0
76
254
416
533
590
586
520
357
212
57
0
0
0
0
0
0
0
0
0
0
0
0
0
0
73
249
411
527
587
587
521
401
234
58
0
0
0
0
0
0
0
0
0
0
0
0
0
0
41
103
170
147
500
442
508
287
143
52
0
0
0
0
0
0
0
0
0
0
0
0
0
0
69
246
408
526
590
587
521
398
232
56
0
0
0
0
0
0
0
0
0
0
0
0
0
0
67
243
408
526
587
584
519
394
229
55
0
0
0
0
0
0
0
0
0
0
0
0
0
0
64
238
401
522
587
584
519
396
230
55
0
0
0
0
0
0
0
0
0
0
0
0
0
0
64
240
403
526
589
587
522
399
232
56
0
0
0
0
0
0
0
0
0
0
0
0
0
0
64
243
409
529
592
591
525
402
234
56
0
0
0
0
0
0
0
0
0
0
0
0
0
0
59
236
400
520
583
582
517
395
230
54
0
0
0
0
0
0
0
0
0
0
0
0
0
0
55
229
392
512
574
574
510
389
228
52
0
0
0
0
0
0
0
0
0
0
0
0
0
0
53
225
387
505
568
572
509
389
225
52
0
0
0
0
0
0
0
0
0
0
0
0
0
0
52
226
390
510
574
574
506
387
224
51
0
0
0
0
0
0
0
0
0
0
0
0
0
0
52
231
398
521
586
587
523
401
234
55
0
0
0
0
0
0
0
0
0
0
0
0
0
0
50
228
396
518
584
585
522
400
234
55
0
0
0
0
0
0
0
0
0
0
0
0
0
0
46
218
381
503
567
569
507
388
225
52
0
0
0
0
0
0
0
0
0
0
0
0
0
0
44
215
379
495
560
410
351
372
153
32
0
0
0
0
0
0
0
0
0
0
0
0
0
0
20
129
369
493
559
561
505
186
225
33
0
0
0
0
0
0
0
0
0
0
0
0
0
0
39
209
373
495
556
559
499
382
221
27
0
0
0
0
0
0
0
0
0
0
0
0
0
0
36
202
362
484
550
554
354
358
138
27
0
0
0
0
0
0
0
0
0
0
0
0
0
0
21
188
346
451
412
536
484
372
217
49
0
0
0
0
0
0
0
0
0
0
0
0
0
0
33
196
358
199
169
152
214
278
120
35
0
0
0
0
0
0
0
0
0
0
0
0
0
0
29
186
345
353
387
265
472
374
222
53
0
0
0
0
0
0
0
0
0
0
0
0
0
0
31
194
273
347
383
550
379
218
119
30
0
0
0
0
0
0
0
0
0
0
0
0
0
0
13
119
347
469
536
542
486
374
218
52
0
0
0
0
0
0
0
0
0
0
0
0
0
0
28
191
354
478
547
553
496
383
180
36
0
0
0
0
0
0
0
0
0
0
0
0
0
0
26
183
344
467
535
542
486
375
220
53
0
0
0
0
0
0
0
0
0
0
0
0
0
0
11
58
141
464
532
540
480
365
113
29
0
0
0
0
0
0
0
0
0
0
0
0
0
0
24
184
347
472
542
550
495
383
226
56
0
0
0
0
0
0
0
0
0
0
0
0
0
0
23
183
347
472
542
551
496
385
232
60
0
0
0
0
0
0
0
0
0
0
0
0
0
0
22
177
338
462
535
544
490
380
226
58
0
0
0
0
0
0
0
0
0
0
0
0
0
0
20
172
331
454
523
532
481
375
223
58
0
0
0
0
0
0
0
0
0
0
0
0
0
0
20
180
346
471
543
554
502
396
238
64
0
0
0
0
0
0
0
0
0
0
0
0
0
0
21
185
354
484
558
569
516
397
241
67
0
0
0
0
0
0
0
0
0
0
0
0
0
0
7
130
277
334
370
364
252
91
112
34
0
0
0
0
0
0
0
0
0
0
0
0
0
0
18
170
332
457
529
541
488
379
227
62
0
0
0
0
0
0
0
0
0
0
0
0
0
0
17
97
224
452
399
514
296
286
214
36
0
0
0
0
0
0
0
0
0
0
0
0
0
0
5
70
70
212
264
270
280
198
127
36
0
0
0
0
0
0
0
0
0
0
0
0
0
0
6
61
92
101
310
321
160
57
89
25
0
0
0
0
0
0
0
0
0
0
0
0
0
0
5
111
314
451
534
557
519
409
253
77
0
0
0
0
0
0
0
0
0
0
0
0
0
0
16
172
335
466
542
552
473
265
241
39
0
0
0
0
0
0
0
0
0
0
0
0
0
0
6
87
96
334
413
509
361
137
65
